497.4
502.5
506.3
510.8
515.1
518.9
522.6
527.1
531
536
540.4
546.7
575.7
582.2
613.8
620.3
624.8
629.5
633.5
637.4
641.3
645.7
649.6
654.8
659.7
664.6
670.1
683.2
733.4
740
745.1
749.2
753.1
757.3
761.1
765.2
769.7
773.7
779.2
785.5
791.4
811.8
852.4
858.2
863.3
867.4
871.5
876
880.6
885
888.9
894.3
898.6
905.1
971.3
977.9
983
987.4
991.5
995.5
999.4
1004
1008.3
1012.1
1017.3
1023.4
1029.1
1044.4
1089.4
1095.2
1100.3
1104.6
1109.3
1114
1118.6
1122.8
1128.1
1133.1
1137.2
1142.9
1159
1208.4
1214.2
1219.3
1223.6
1227.6
1231.3
1235.3
1239.9
1243.9
1249.4
1254.1
1261.8
1267.1
1278.4
1327.4
1334
1338.9
1343.5
1347.9
1352.4
1356.5
1360.9
1365.4
1369.7
1374.9
1380.6
1386.2
1402.1
1447.4
1453.2
1458.3
1462.6
1466.6
1471.2
1475.9
1480.4
1484.5
1490.3
1495.1
1503.1
1564.4
1570.9
1576
1580.1
1584.4
1589
1593.1
1597.5
1601.4
1606.7
1611.8
1617.5
1634
1683.4
1690
1695.1
1699.2
1703.5
1708.4
1712.8
1717.1
1721.1
1725.9
1730.7
1738
1743.4
1755.2
1803.4
1810
1815.1
1819.5
1823.4
1827.1
1831.8
1835.8
1840.3
1845.2
1852.2
1857.7
1870.9
