0.497821
0.508199
0.516265
0.523448
0.530265
0.535498
0.543276
0.615491
0.625762
0.632607
0.638914
0.645018
0.6502
0.660292
0.734809
0.744635
0.752052
0.758511
0.764508
0.769901
0.776895
0.786975
0.853862
0.86258
0.870901
0.878083
0.884068
0.892152
0.902752
0.972561
0.981512
0.988837
0.9962
1.00434
1.01193
1.01882
1.09048
1.09966
1.10738
1.11338
1.11932
1.12777
1.1357
1.20982
1.21922
1.22605
1.23212
1.24072
1.24982
1.32824
1.33808
1.34527
1.35139
1.35757
1.3652
1.37344
1.44732
1.45792
1.46429
1.47114
1.47891
1.48621
1.49949
1.56564
1.57616
1.5835
1.58926
1.59587
1.6038
1.61419
1.68491
1.69431
1.70224
1.70886
1.71461
1.72153
1.73053
1.80375
1.81324
1.8213
1.82799
1.83336
1.84055
1.84909
