0.495082
0.503662
0.510243
0.516327
0.521395
0.529426
0.536521
0.61209
0.621087
0.628492
0.632952
0.636248
0.640822
0.647711
0.654516
0.663252
0.731511
0.739443
0.746063
0.750382
0.756426
0.758984
0.764451
0.771737
0.784527
0.850733
0.857808
0.865198
0.870536
0.875586
0.880774
0.886349
0.895826
0.9693
0.977891
0.983651
0.988613
0.994269
0.998212
1.00427
1.01032
1.02259
1.08736
1.09491
1.10101
1.10804
1.11328
1.11901
1.12745
1.13523
1.20629
1.21382
1.22001
1.22414
1.22933
1.23458
1.24154
1.24931
1.26173
1.32579
1.33307
1.33868
1.34385
1.35108
1.35568
1.3606
1.36851
1.37978
1.44509
1.45271
1.45984
1.46369
1.4701
1.47557
1.48104
1.49098
1.56229
1.57061
1.57733
1.58361
1.5884
1.5926
1.59993
1.61042
1.68155
1.6894
1.69659
1.7026
1.70813
1.71291
1.71922
1.72534
1.73783
1.80101
1.80923
1.81577
1.82153
1.82505
1.83305
1.83915
1.85139

