501.2
514.2
524.6
531.3
536.6
544.3
555.4
620.5
626.6
633.2
639.3
646.2
651.6
661.1
675.9
739.6
745.6
753
759.2
765.3
777.4
787.1
858.1
863.8
871.2
879
885.3
893.1
903
977.1
982.8
989.3
997
1005
1012.2
1019.2
1031.7
1095.6
1100.9
1108.2
1114.2
1120.3
1128.1
1136.1
1148.1
1214.6
1220.6
1227.2
1233.3
1241
1249.9
1260.3
1333.6
1339.6
1346.2
1352.2
1358.3
1366.1
1374.1
1385.6
1452.6
1458.6
1465.2
1472.1
1479.1
1487.1
1497.5
1505.1
1570.3
1577.5
1584.2
1590.3
1596.4
1604.1
1614.7
1626.5
1689.5
1695.6
1703.1
1709.2
1715.3
1722.2
1731
1743.2
1808.6
1814.6
1822
1828.2
1834.3
1841.2
1850
1862
